50 50
1862496161 1862496161 1862496161 1862496161 1862496161 1862496161 1862496161 1862496161 1862496161 1862496161 1862496161 1862496161 1862496161 1862496161 1862496161 1862496161 1862496161 1862496161 1862496161 1862496161 1862496161 1862496161 1862496161 1862496161 1862496161 1862496161 1862496161 1862496161 1862496161 1862496161 1862496161 1862496161 1862496161 1862496161 1862496161 1862496161 1862496161 1862496161 1862496161 1862496161 1862496161 1862496161 1862496161 1862496161 1862496161 1862496161 1862496161 1862496161 1862496161 1862496161 
1 39 912896293
1 6 131557259
1 3 231115879
1 5 1314727757
1 31 1733404443
1 32 873766231
1 41 1107232660
1 45 1259296171
1 25 1842772741
1 11 620367507
1 21 1341007291
1 31 200795527
1 1 1788035521
1 9 1702434007
1 31 996525425
1 41 73782895
1 1 1951732591
1 37 2103541767
1 13 318630943
1 18 1619900173
1 41 1499888215
2 1
1 1 84489773
1 47 1135709863
1 16 1143384859
1 17 451585355
1 49 1031822065
1 27 891594397
1 31 2029243819
1 29 1389918583
1 43 2082819239
1 21 298093477
1 11 1670232943
1 17 765687349
1 11 1554386725
1 1 1307622751
1 42 340868487
1 41 758299984
1 43 644829346
1 1 1595972071
1 13 107209351
1 1 1121992795
1 1 360568121
1 11 113722995
1 1 2070445339
1 39 2107689067
1 31 408426979
1 3 1321110757
2 21
2 39
