100 100
1645854078 1645854078 1645854078 1645854078 1645854078 1645854078 1645854078 1645854078 1645854078 1645854078 1645854078 1645854078 1645854078 1645854078 1645854078 1645854078 1645854078 1645854078 1645854078 1645854078 1645854078 1645854078 1645854078 1645854078 1645854078 1645854078 1645854078 1645854078 1645854078 1645854078 1645854078 1645854078 1645854078 1645854078 1645854078 1645854078 1645854078 1645854078 1645854078 1645854078 1645854078 1645854078 1645854078 1645854078 1645854078 1645854078 1645854078 1645854078 1645854078 1645854078 1645854078 1645854078 1645854078 1645854078 1645854078 1645854078 1645854078 1645854078 1645854078 1645854078 1645854078 1645854078 1645854078 1645854078 1645854078 1645854078 1645854078 1645854078 1645854078 1645854078 1645854078 1645854078 1645854078 1645854078 1645854078 1645854078 1645854078 1645854078 1645854078 1645854078 1645854078 1645854078 1645854078 1645854078 1645854078 1645854078 1645854078 1645854078 1645854078 1645854078 1645854078 1645854078 1645854078 1645854078 1645854078 1645854078 1645854078 1645854078 1645854078 1645854078 
1 21 742770919
1 73 851381593
1 52 631101871
1 81 1636187153
1 51 1669076949
2 51
1 53 1016117425
1 65 1820600937
1 27 1321496827
1 95 1700155870
1 49 131551795
2 41
1 29 1617079311
1 41 2127301597
1 1 115637789
1 64 1779333139
1 1 1420926851
1 71 1201769038
2 1
1 93 22785445
1 51 319686509
1 49 216152777
1 91 1329473017
1 72 651662981
2 17
1 96 1962380531
2 23
2 49
1 9 579197977
1 95 1229541517
1 81 1610796353
1 37 1366407253
1 1 267279727
1 26 349000237
1 27 1091606955
2 77
2 9
1 21 1065820339
1 25 896254039
1 49 1052579550
1 33 1845272941
1 41 1385998657
1 17 52697719
1 5 977622409
1 57 1414625451
2 33
2 81
1 71 542081718
1 81 1633982851
1 51 287201055
1 5 1874334034
1 79 1593082747
1 75 637139416
2 1
1 17 1158707
2 1
1 27 23871457
1 5 1733467786
1 14 1097690203
1 61 1551816195
1 85 1721897261
1 28 2085010093
1 41 1354101463
1 61 1099219661
1 21 598724407
1 45 1846965579
2 85
1 11 1437998644
1 26 1423470556
2 81
1 21 346315013
1 65 1712681573
1 33 530304787
1 5 1747495954
1 69 1581422470
1 1 1641983509
1 81 2117667595
1 13 71819339
1 21 1640335699
1 65 2048101901
1 65 1411441659
1 1 376554025
2 1
1 1 325579267
1 51 29238210
2 77
1 41 334751590
1 76 1044880871
1 89 1956273067
2 81
1 93 1490374453
1 86 2033578369
1 1 1638519807
1 71 353646647
1 95 2018893287
2 51
1 21 1835879816
2 91
1 9 1828558006
1 17 968238763
