1000 400977103
231118534405839456
558462345262558767
976522536513650513
999097906459593707
733084170666518540
461672794446648895
979234155673225337
260326267527586497
321854031347286220
298036316686469354
511783709266128356
515333474877223160
382978358148582996
979135072503166430
515948832861771051
548007842396717238
776750473168074796
711960938487137399
802828559820300967
598050615575492232
539837812880089157
560512314721968775
874471388895370576
667154001852344583
993142606714637328
461948152267958125
826635625569762893
509458872867804367
508967855122126350
813991696304165475
43837331678068621
233564121386856053
223697478324515130
88150757047310964
6065023225285047
147576224271830563
715764827491988809
952156376921649283
413222439137975329
85532861777853540
811143833074734614
218404910951950222
148571571439549854
782463010500048252
993892243843302555
206323172936881426
829526012856715269
491012034051263761
43687835383319567
214377010053910667
303610335555257295
921643177174739866
665151378893921226
516796532997307912
650533146647224300
773841166966478525
793689665136752961
766954434025137036
371070911480965464
750545339945375144
695469919483139186
3964616850165028
776970590152374059
704512856721206946
106050216707060143
616550439605868012
559535003081501426
158125842117502434
57408629715459608
236129580238695766
458625448280549152
542991065242692898
345234538591419918
696623296880972744
487852033078933041
152478568411914083
122653271568145762
153644181115988931
724313542778129704
671545833174170161
696285244885308150
627100135563062001
647948799657352028
502757681971077522
831618501294145372
626741415656825224
796873844498818705
627810737139780010
903440857698914183
408376043121536211
329877210424869220
706711007588694532
653654647321060491
603983181977131165
529231497274387492
465195645745004133
66856465358224056
716625107165507852
545730427474709940
219710126304002636
100781491607685603
546683096153240632
194303754959987481
538145441725565149
595686888359302403
921381758764439328
105478747849927850
94676415100225188
515011446135363963
642342668089730760
428358505401177696
816462411038891684
767779701497788972
785067913762587845
255781702830585017
97240918480480346
547249424866738634
217064518376798892
558864706102602970
134172902924430197
730921853832869912
739421446496422038
780989909977575519
143175764839821802
97005447558114194
928447466975082350
858504201336559901
746991842983228671
145377693300675545
943969508404542260
84663140841191187
126238831154444857
14988274671436451
262499336298839448
125375512648985845
767702260867651159
501670622224665736
525814239680390074
706573892047787434
21064676432240873
746713881799265654
925969306689714845
639554923918475122
326467724535413635
631622808616271325
437643338407783836
581798491949653779
336086976323831389
769166218510073379
705736879998261970
721072399673472204
37585806817350033
548187690852228140
214868834475489004
332421859071374409
498057825550591552
222224446039601943
847536054700670618
391133250934375884
300719544837361740
53915865787359692
884315684031596826
562924023815118688
949737074003275512
730380870886450646
907485997581503387
711508732058903865
554226635394648833
237094700784871009
981566729226077170
247119124648203541
657523872419130295
224132845857276891
627399057630883267
247640365121657355
374139105364838622
788962928818624899
601635383496084376
806522959359591183
226117660263992221
203150171391198758
395047038387120538
616671177197219634
664197698268301372
386627433799533992
239172567756441452
683848796311065777
953246349819564557
471542624002035474
444655016110866548
823045778311774546
235656352583202523
130913695727774230
843423465465905066
50433069313053422
274962203923694098
232234664663344333
577731047922759348
538823898532507805
41298582573801274
332119505502246409
582841634711885698
161490490794182007
947942600216933189
754251274118418242
528053246489173741
533172683668435065
849720116754320794
59025719668994536
824032701853216044
727878940302544492
790450663296688805
615441225997014453
520430442380521890
838877202084534491
236091535879607727
586648645503232239
313661962364452897
461149281998249041
411186417410448880
991218632367470936
644527389188114188
949482350454472925
653042065984345450
627940153709448129
440730441873526771
382363680281298558
673185429223162222
847612998036209823
857699031302808730
435034532868268543
344184781378813033
330854959845587894
982865820302271945
655637009718658124
585333796924601206
800721264242355753
224136991425882204
271373043187421352
314441848219580255
790266126673522402
774779105937363830
638703865336026000
491954283100414541
862752156302366929
243278251787722962
374362445228267817
348288499683696607
938351730092869463
390226124589975128
919595065201534610
9395970410242464
173137266861195419
894165392797781255
592346679223171313
345921528631376012
249447123722941423
953614523586977551
964566416393908681
190912270145250631
417718928886661707
951568524651658178
644509606005226353
859568282424467646
422221290304662556
993683343643488691
359108065770616045
318928743138121163
543008360586803388
454162335679529491
366821162939056133
762757028859203356
43736630319572771
862429769652033643
976734844997851349
632267250468042164
573467669598707031
192919446247083869
62478136480486912
134209964738424019
416140773081335548
164708831171789756
384139968721553763
571522812394210638
161196369411029359
69967149790198712
734901686726354516
426670215469124996
96614892590062657
272283569714754394
366371885782945199
283726880435673687
331627098605865014
281824228235693012
180604752623074412
911079683353957629
311709559889606964
428549798605141350
439463523963208628
772295161680445039
314897377625602956
442254617392086942
469140651009934600
310679760746089662
3573754563832353
536558675783903443
738282163219743913
610843598412207712
58186724687442824
376542464146729273
168181458862155456
284302068557765104
345579554926689818
693175405539208203
453027518709839789
487758863286441537
66899900928083286
246466183100982065
898464427965165498
459498336662064067
225660454665536263
426506259097196071
643413609803496155
183844239804168081
867961388045650208
586230842737800169
181157130041191353
616633991918640424
380049799450087688
55960722372623165
521386019467104790
633497776735902093
236091678233047408
938959081122500126
340757906270201028
767783499076393534
982578157251768094
265567224495531192
893079233926349296
764704686919230448
179926006828326900
267029228131228223
103234929906014538
812136057756086626
452176267184805355
760628854015675448
520223176194030231
90351003600360611
657960810390192665
931188315283904896
562185926832741300
36971300179175144
159026397191386690
733876778357600776
155448740189314395
198299254673516670
406197506815231975
645244719449343546
668503270486969441
259191653591917851
686085581929004461
971500326613399561
58451724359144184
469040809846525485
676890427805552313
287339113835688136
187201882376054299
160339810908760962
29432325879285844
624924995064735891
559937294485533981
187870840662257926
597807993251157738
207833793155869288
20778595024932864
301733706097619827
864114865265668593
809097109414480655
984474709581824003
880713643863482890
654786029048759886
813406477522188524
739513256951170980
209938068188250943
675949710965589949
613521484681906132
716077533126433620
38909094393173661
167916154365181599
489632277127815151
8502542873570728
329383404789555304
748641159087937123
646091177493034309
320211252179677218
797466148417363782
784799876935581317
103724116947567070
58304460227767415
306262954585979157
487651234404870428
90746489022665804
91010737795078112
111314464973314332
348535945586596785
354153187669960326
256843620053649624
298780008239445990
137530418908678761
606345943134094758
727549730675605852
615214189267273794
723172897850244726
292030887909268211
847807629229029183
63773812118990839
62950601276239132
111285705288680300
795225269601233727
229969580409732529
312627108635478047
395172692502574319
903627343658137676
672750722124276912
744227069124360198
834406136083331704
377887874108815946
101180394463258969
727819789699929382
913500234394999114
862902716824557211
860166564873182278
910914559019514089
581516998169853026
871712874328779436
175039089509415029
72821730305331170
232747407058629931
503865852041364402
811112074512736548
461448739405918817
673685007813706053
981082124038673101
640741089173598147
865075785555795575
540526870946650510
473616561093002161
219498476215770577
718216444797589061
958818802250815681
894852124991840562
165312987277772226
277528930356518903
145667235965973284
373461862621534264
475340740184453193
858639717737925341
553498043138797966
663648171032761388
669630132880062341
109966323466016229
522037740675321019
915672979305120604
581421498567814178
186478861608649934
996991558661559694
744597262885138392
141857394749838137
569556447895034706
940909365242274393
850340190683598165
501448944578600381
849499589266206792
433966557693428769
198832530339760347
797705673345273931
732543602538528772
340085380371344953
871525107564882987
757423762550312941
559051933872846418
987537373535094487
493927603885854286
417918163928725680
434280298508478282
141157763863289245
860040269343599125
545430001373196588
685995789775484227
218433273338964648
433362516411096887
548570298436520654
353221233795416090
948877824014192768
965883215023032185
132552465501993169
891439301961203999
962701315890901803
835253295723784360
514178447669037470
890461596151528352
482771686924983662
469372800543300057
13489668850318741
770634728516421115
242694894489326105
889420612286822325
789050594284468248
525323652989749227
10406643525614916
835355328129558646
215129329943065196
605691682811333994
512763641484794523
532898337481423055
415166738365909963
296285848971077029
644430573218469955
583577409141786751
298472379379799303
631368765229213308
657909175179673192
208975149393296404
727556385834171416
664874267019780570
669902495807620135
344602173048858687
528692878339546221
833991419105949506
364184523221129746
435111495089549772
713170042117411506
814433739824303010
864652676882548182
900025131712630216
440208334800896208
14983435437441049
396035325436886552
599062373369907590
905599513823610881
30663959095286560
646679584319605707
763845656310902636
533975521997469168
279171449279790023
872757535537994311
89822803899824103
353129097661630002
986815502829369897
173836560563297538
475381767673373760
884629494354450447
833714675812792626
179718711757160795
199749195680176177
892946909500784166
26883514992407630
721279098293392874
284220740396524218
374241425039524104
860631170398355019
669791583704955071
317736928889385369
815748769764144226
442009598143818726
927018764901484499
921076439259095012
812117074211356760
839759376673943990
452414685374101646
333353915607804636
930161955672637801
112192290331965602
431954189867287132
800313493101908739
726500840385872487
411024699427391576
729205406294605806
508685718967059745
86266218652221123
219525347067173811
25877840463318680
737977057152127556
255232051521927014
895577046614723570
618250177572909760
239186898954014861
105946612121475402
640016813765058936
980488402495490502
266822203680441809
57256309302732645
152809845473185667
857112118872368433
30735029790067943
41052105753865916
379350770949028763
569118939117527931
963377151713351337
54993342869289055
375678827140675377
932399498203399946
53264324161253278
112446162657736581
730521017212455437
82240031575630915
315605476755992387
388685961514007028
224008039021142297
531722008880975373
718120865978440160
380926386655396390
664216862267734572
604750684634045392
530442555726090946
457776221845477966
298418477588874703
688294293496657227
358751706637453566
129900573611288270
778690096208175039
482120161388136968
47572320974937471
542355278607393147
591122846769364339
206677532221698335
315266195710118274
660878540313185856
962807660886912638
575401608039764159
768966590440893018
727360906126194849
344826620348439787
61619804556724377
159271888328330724
917208721751826046
468317835971495574
57349484213426651
295677918211842074
579482546242801518
359443916718933169
880543717271730341
279664759600131821
992029985851537786
566530722253573396
741823509870891817
935474862197774842
175589124919971344
780471692080565264
412817060844090412
203172056173656047
508349856690323816
537731193209701453
369976180540682294
661358802175612324
986034498353919950
496453957927709414
488388816569113312
153899520279638800
342320709292268298
1533662987605830
987878823767109429
266413902549263469
591747078489777852
361062820703686052
95009972547014153
184923381615371815
808683347086289374
178414685256107715
293742769956526040
309641086729133719
119253886135895835
340017548926612747
306276738000463308
193280375786904544
710616524242947990
62401595926212225
676236696029117648
774185813327862390
373273756750529599
743456728227443738
131819850464114887
285263728871557079
401797465564215944
210667128253404664
153866276892110579
465088304601190061
908139865210238448
68888196479968557
247202128233138152
455486047312320493
719087052610241854
702960457080786597
601817450250418367
733585837775227433
302282284864219392
957391272150284519
141295868822617480
431112796051568840
569949253261312293
893037352072572372
388345980169143653
258804256991919510
846716826217420301
941735476440048112
609406676159966761
494115545329957979
753656832920970724
843859496103636604
589399627682368382
332019608250652791
307725189696047751
507866479030542580
6137600038823938
211024226037719091
250304895243256530
571207242172934985
913998160453641593
954892846475083987
732324268362492633
743934636651889651
175674867640773309
715275580336071908
365102306480904287
659692186439809474
851289614390919069
29136454426247348
790666019850898437
734621105014585435
277723705700789794
785287977414091870
97853237530718878
879926113050039528
674745595345722285
947580852914145848
713522755224285228
613688273614819227
381993090033971974
196589123909718555
382696856207589474
209123991238895032
669625091961768880
627090850634810603
637318464019778515
972340936904168847
694415176007201934
213549955038514546
755212209614092601
373853833616092666
919394650623312733
293586223933250969
930798474019679760
311868139126960456
195342057492723252
199950354044113700
836147862490985197
391146157518726807
245758774616769019
465700945129808678
217874637359777828
483003345822698939
186156577316460649
38073193555213158
670499643241410539
36472655065112195
438111639713327088
698048352036351816
610045169778499173
12106955089598404
210340213356862518
33011679401273746
62527934938727294
660238551974920234
485815350104686039
170162257172880389
684742667072092609
157904731743178416
39508727679684639
781399947434200195
43786335426490639
259581158268015539
75197657903494352
537189606923582039
814674240656107813
568864490114166485
595139616496159877
284256767905301927
981752424577656259
424073324419060240
616743006636335725
643672411857176240
176550597602195314
295409406827207150
665301051355303259
467631894180174898
760245696418483363
937384718283571229
654547527899175862
34899076526743301
888162298529573285
549003495296698365
343323543628182958
421348446404951663
304713509361833283
520449968634011272
523582450909079952
147579802189466039
245113793556051075
944035105257509477
983521993706454511
312689928056753192
173675646650349215
377117566384748124
413135759757348417
804204804224841952
859997733873872407
653529631023883956
314910360984911865
647714912431879096
678003071403896279
58073112066536791
634136097375019324
732548229320448044
572731574012030153
611649767523884939
697073106273688634
644198384121120138
491525216635138880
412795644812895350
853292249412560941
12241226265024092
464162683699469445
450375338269669971
841286864616882207
711482080194958689
691518274169616506
974354631147294263
939057323240415238
405557113602023862
986370933419984714
441948326866101137
502922024714576586
51925940740852841
93652452259683887
218896072340059225
454134334561845938
65769536365277591
499724275966363344
329086890581797179
141045868406137914
561888389873395267
135209019341186181
280204251657472586
197709902482593103
584805918266139585
102218918834255609
133115616704232721
636341177311883824
739413625278033418
242598548265660359
209944164420213215
371057620157570079
960380618231354395
413480800732452088
308704543401029093
982060320834074430
215842569489220306
964672823562496972
20199082456951396
48044347049633840
182376388682965787
140692380170370774
707449593499493156
35794859791359940
127339763404977098
638270308212973284
847569463684423036
761590030177662763
866885310969217331
218502093565528923
925149389684272653
924585844297224153
660471402737688596
608765928357611123
868145916838253335
3902105970390435
203153719874472971
921351655868801386
534730008188529777
770971886197789435
545633995954188333
444035450481722263
475527162759308124
211441320056899878
202894858560681135
539726936304007946
968455357956939581
921922793385356243
572888105332713911
180816357668598153
638237460798423668
806957462247565259
211054961294990144
772784721775707314
532264242063502987
620268706354547536
714093668248082670
577273770498703147
682497901964548321
436776403180083724
308314337076341163
879406786734063122
598136867031351149
571524273544781240
598752173150421500
944828248288661434
327858176114068851
370439069997964992
685661902898868951
98898358423961926
535642373285938801
423185451263543713
575142472111492316
876761290855333773
895257279775792674
616117833894381784
838806988056676527
975014804842334479
135560887814314695
421918671975070573
806445669158640154
566806888882080620
31879464158976513
712916537269702715
743006364046272409
101262419427574186
642713262247656868
701127364950785480
411148362327225600
541778786103146112
748241268250986012
891603813778129565
915338646399209206
344805618809582782
625217241168680322
743467170180448648
89433079193380242
293165542414647440
293192170404533619
231157141235548889
542675500334613690
44898193503205571
923975554884388686
342156603261806205
909420820153558339
734708614549535357
38572731683630149
371342787081875306
880341986120955175
623462266270777440
914487184393259360
453413977775394725
393512999484898440
455184232467941101
712662946994485352
701926424695783010
139293255248112953
679752926511172097
530828119249180039
458529393664160054
951825823373311898
29959553273587520
24044335637002283
924912628991614830
889556466866282768
321492574816359834
787315645619294167
110384669904415242
270668757171196857
187246016575325132
954796807106052760
893009659255620878
394848485211773154
192582330506135604
94561719821573562
958107306961852500
928775776156791511
272253113785776819
730752266770746889
933034519319777823
918500008591876445
825523361108682993
746148706141630828
932581970884870019
995247670033077087
554993408409673376
245429745925909546
903392902591694197
505223938009493803
454293510914113718
