100 495971664
984651042
144079690
325811288
474452766
872052810
433479856
951479319
188827313
61852248
611078695
471421583
375338477
549593735
797248515
305350181
442341168
533814147
874975693
161632115
541781562
904234288
825536622
130761121
647368635
821761901
456610812
880689908
616670724
23925355
32711631
813602654
680514645
222605384
295248680
313701435
34591490
308129977
893561657
30002814
918006357
411459048
288190911
443852589
513191959
304737277
517468674
680426546
890492553
660465613
723671423
537407763
722382880
477095309
921845659
607835157
615729231
604037512
641251402
31500770
110556689
952882816
578571474
189626240
403664455
771779965
49600968
954395087
48583673
641963263
685721959
975039107
502250574
149474365
615623320
950379314
546962396
135196796
523256436
574881242
993131321
88478508
930945647
889506988
979315233
928058440
632031936
304564750
975909893
452129269
395554191
825171621
116490598
213833582
26551093
409274459
829158713
713765285
217921985
298436941
660342498
